0.000621719360352 
0.00062210613578 
0.000622493392739 
0.000622881132129 
0.00062326935485 
0.000623658061808 
0.000624047253909 
0.000624436932061 
0.000624827097177 
0.000625217750169 
0.000625608891953 
0.000626000523447 
0.000626392645571 
0.000626785259248 
0.000627178365402 
0.000627571964961 
0.000627966058854 
0.000628360648014 
0.000628755733374 
0.000629151315871 
0.000629547396444 
0.000629943976034 
0.000630341055585 
0.000630738636043 
0.000631136718355 
0.000631535303474 
0.000631934392353 
0.000632333985946 
0.000632734085212 
0.000633134691112 
0.000633535804608 
0.000633937426665 
0.000634339558252 
0.000634742200339 
0.000635145353899 
0.000635549019906 
0.000635953199339 
0.000636357893177 
0.000636763102403 
0.000637168828003 
0.000637575070963 
0.000637981832275 
0.000638389112931 
0.000638796913927 
0.000639205236259 
0.000639614080929 
0.000640023448939 
0.000640433341295 
0.000640843759004 
0.000641254703079 
0.000641666174531 
0.000642078174377 
0.000642490703635 
0.000642903763326 
0.000643317354474 
0.000643731478106 
0.00064414613525 
0.000644561326937 
0.000644977054203 
0.000645393318084 
0.00064581011962 
0.000646227459853 
0.000646645339829 
0.000647063760594 
0.0006474827232 
0.000647902228699 
0.000648322278148 
0.000648742872605 
0.000649164013132 
0.000649585700792 
0.000650007936654 
0.000650430721785 
0.000650854057259 
0.000651277944152 
0.00065170238354 
0.000652127376506 
0.000652552924132 
0.000652979027506 
0.000653405687717 
0.000653832905856 
0.00065426068302 
0.000654689020305 
0.000655117918814 
0.000655547379649 
0.000655977403917 
0.000656407992728 
0.000656839147194 
0.000657270868431 
0.000657703157556 
0.000658136015692 
0.000658569443962 
0.000659003443493 
0.000659438015416 
0.000659873160864 
0.000660308880972 
0.00066074517688 
0.000661182049731 
0.000661619500668 
0.000662057530841 
0.000662496141401 
0.000662935333501 
0.0006633751083 
0.000663815466957 
0.000664256410637 
0.000664697940505 
0.000665140057731 
0.000665582763489 
0.000666026058954 
0.000666469945305 
0.000666914423725 
0.000667359495398 
0.000667805161514 
0.000668251423263 
0.000668698281842 
0.000669145738447 
0.000669593794281 
0.000670042450548 
0.000670491708455 
0.000670941569215 
0.000671392034039 
0.000671843104148 
0.00067229478076 
0.000672747065101 
0.000673199958397 
0.000673653461879 
0.000674107576782 
0.000674562304343 
0.000675017645801 
0.000675473602402 
0.000675930175393 
0.000676387366024 
0.000676845175549 
0.000677303605227 
0.000677762656317 
0.000678222330085 
0.000678682627799 
0.000679143550728 
0.000679605100149 
0.000680067277339 
0.00068053008358 
0.000680993520157 
0.000681457588359 
0.000681922289478 
0.00068238762481 
0.000682853595653 
0.000683320203311 
0.000683787449089 
0.000684255334299 
0.000684723860253 
0.000685193028268 
0.000685662839666 
0.00068613329577 
0.000686604397908 
0.000687076147413 
0.000687548545618 
0.000688021593865 
0.000688495293494 
0.000688969645852 
0.00068944465229 
0.000689920314161 
0.000690396632823 
0.000690873609637 
0.000691351245968 
0.000691829543185 
0.00069230850266 
0.00069278812577 
0.000693268413895 
0.000693749368419 
0.00069423099073 
0.000694713282221 
0.000695196244285 
0.000695679878324 
0.00069616418574 
0.000696649167941 
0.000697134826337 
0.000697621162345 
0.000698108177383 
0.000698595872875 
0.000699084250247 
0.000699573310931 
0.000700063056361 
0.000700553487977 
0.000701044607221 
0.000701536415542 
0.000702028914391 
0.000702522105221 
0.000703015989494 
0.000703510568673 
0.000704005844225 
0.000704501817622 
0.000704998490339 
0.000705495863858 
0.000705993939663 
0.000706492719241 
0.000706992204086 
0.000707492395694 
0.000707993295567 
0.00070849490521 
0.000708997226132 
0.000709500259848 
0.000710004007876 
0.000710508471739 
0.000711013652963 
0.000711519553079 
0.000712026173624 
0.000712533516137 
0.000713041582163 
0.00071355037325 
0.000714059890952 
0.000714570136826 
0.000715081112434 
0.000715592819344 
0.000716105259125 
0.000716618433354 
0.00071713234361 
0.000717646991479 
0.00071816237855 
0.000718678506415 
0.000719195376674 
0.00071971299093 
0.00072023135079 
0.000720750457865 
0.000721270313774 
0.000721790920138 
0.000722312278582 
0.000722834390738 
0.000723357258241 
0.000723880882731 
0.000724405265855 
0.000724930409261 
0.000725456314604 
0.000725982983543 
0.000726510417744 
0.000727038618875 
0.000727567588609 
0.000728097328627 
0.000728627840611 
0.000729159126251 
0.00072969118724 
0.000730224025275 
0.000730757642062 
0.000731292039309 
0.000731827218728 
0.000732363182038 
0.000732899930964 
0.000733437467233 
0.000733975792579 
0.000734514908742 
0.000735054817464 
0.000735595520495 
0.000736137019589 
0.000736679316506 
0.000737222413009 
0.000737766310869 
0.00073831101186 
0.000738856517764 
0.000739402830364 
0.000739949951452 
0.000740497882825 
0.000741046626283 
0.000741596183633 
0.000742146556687 
0.000742697747263 
0.000743249757183 
0.000743802588276 
0.000744356242376 
0.000744910721321 
0.000745466026957 
0.000746022161133 
0.000746579125706 
0.000747136922537 
0.000747695553492 
0.000748255020443 
0.00074881532527 
0.000749376469855 
0.000749938456088 
0.000750501285863 
0.000751064961082 
0.000751629483651 
0.000752194855482 
0.000752761078493 
0.000753328154607 
0.000753896085754 
0.000754464873869 
0.000755034520894 
0.000755605028774 
0.000756176399465 
0.000756748634923 
0.000757321737113 
0.000757895708007 
0.000758470549582 
0.000759046263819 
0.000759622852707 
0.000760200318241 
0.000760778662422 
0.000761357887258 
0.000761937994759 
0.000762518986947 
0.000763100865847 
0.000763683633488 
0.000764267291911 
0.000764851843158 
0.000765437289279 
0.000766023632332 
0.000766610874379 
0.000767199017488 
0.000767788063736 
0.000768378015205 
0.000768968873982 
0.000769560642162 
0.000770153321847 
0.000770746915144 
0.000771341424168 
0.000771936851038 
0.000772533197882 
0.000773130466834 
0.000773728660034 
0.000774327779629 
0.000774927827773 
0.000775528806627 
0.000776130718357 
0.000776733565137 
0.000777337349147 
0.000777942072576 
0.000778547737616 
0.00077915434647 
0.000779761901344 
0.000780370404455 
0.000780979858022 
0.000781590264276 
0.000782201625451 
0.000782813943791 
0.000783427221543 
0.000784041460967 
0.000784656664324 
0.000785272833887 
0.000785889971932 
0.000786508080746 
0.00078712716262 
0.000787747219854 
0.000788368254754 
0.000788990269636 
0.000789613266821 
0.000790237248636 
0.000790862217419 
0.000791488175512 
0.000792115125268 
0.000792743069043 
0.000793372009205 
0.000794001948126 
0.000794632888187 
0.000795264831777 
0.000795897781292 
0.000796531739136 
0.00079716670772 
0.000797802689463 
0.000798439686793 
0.000799077702143 
0.000799716737957 
0.000800356796683 
0.000800997880781 
0.000801639992716 
0.000802283134963 
0.000802927310002 
0.000803572520324 
0.000804218768427 
0.000804866056816 
0.000805514388005 
0.000806163764517 
0.00080681418888 
0.000807465663635 
0.000808118191327 
0.00080877177451 
0.000809426415749 
0.000810082117614 
0.000810738882685 
0.00081139671355 
0.000812055612805 
0.000812715583056 
0.000813376626915 
0.000814038747006 
0.000814701945957 
0.000815366226408 
0.000816031591007 
0.00081669804241 
0.000817365583282 
0.000818034216296 
0.000818703944136 
0.000819374769491 
0.000820046695063 
0.00082071972356 
0.0008213938577 
0.000822069100209 
0.000822745453824 
0.000823422921289 
0.000824101505358 
0.000824781208794 
0.000825462034368 
0.000826143984863 
0.000826827063067 
0.000827511271782 
0.000828196613815 
0.000828883091985 
0.00082957070912 
0.000830259468055 
0.000830949371639 
0.000831640422725 
0.000832332624181 
0.00083302597888 
0.000833720489707 
0.000834416159556 
0.000835112991331 
0.000835810987945 
0.000836510152322 
0.000837210487394 
0.000837911996105 
0.000838614681407 
0.000839318546262 
0.000840023593643 
0.000840729826534 
0.000841437247925 
0.000842145860821 
0.000842855668233 
0.000843566673185 
0.00084427887871 
0.000844992287851 
0.000845706903662 
0.000846422729208 
0.000847139767562 
0.00084785802181 
0.000848577495046 
0.000849298190377 
0.000850020110919 
0.000850743259799 
0.000851467640155 
0.000852193255135 
0.000852920107898 
0.000853648201614 
0.000854377539464 
0.000855108124639 
0.000855839960343 
0.000856573049788 
0.000857307396199 
0.000858043002811 
0.000858779872872 
0.000859518009639 
0.000860257416382 
0.00086099809638 
0.000861740052925 
0.00086248328932 
0.00086322780888 
0.000863973614931 
0.000864720710809 
0.000865469099864 
0.000866218785457 
0.000866969770959 
0.000867722059754 
0.000868475655239 
0.00086923056082 
0.000869986779916 
0.00087074431596 
0.000871503172393 
0.000872263352672 
0.000873024860264 
0.000873787698648 
0.000874551871315 
0.000875317381769 
0.000876084233526 
0.000876852430115 
0.000877621975077 
0.000878392871964 
0.000879165124343 
0.000879938735791 
0.000880713709899 
0.000881490050272 
0.000882267760524 
0.000883046844286 
0.000883827305199 
0.000884609146917 
0.000885392373109 
0.000886176987455 
0.000886962993649 
0.000887750395397 
0.00088853919642 
0.000889329400451 
0.000890121011236 
0.000890914032536 
0.000891708468123 
0.000892504321784 
0.000893301597321 
0.000894100298545 
0.000894900429286 
0.000895701993385 
0.000896504994696 
0.000897309437088 
0.000898115324444 
0.000898922660661 
0.00089973144965 
0.000900541695335 
0.000901353401655 
0.000902166572564 
0.000902981212029 
0.000903797324032 
0.00090461491257 
0.000905433981652 
0.000906254535304 
0.000907076577566 
0.000907900112493 
0.000908725144154 
0.000909551676632 
0.000910379714027 
0.000911209260453 
0.000912040320039 
0.000912872896928 
0.00091370699528 
0.000914542619268 
0.000915379773084 
0.000916218460931 
0.000917058687029 
0.000917900455616 
0.000918743770942 
0.000919588637274 
0.000920435058896 
0.000921283040105 
0.000922132585217 
0.000922983698561 
0.000923836384484 
0.000924690647348 
0.000925546491533 
0.000926403921432 
0.000927262941457 
0.000928123556036 
0.000928985769612 
0.000929849586645 
0.000930715011614 
0.000931582049012 
0.000932450703349 
0.000933320979152 
0.000934192880966 
0.000935066413353 
0.00093594158089 
0.000936818388173 
0.000937696839816 
0.000938576940446 
0.000939458694714 
0.000940342107283 
0.000941227182835 
0.000942113926072 
0.00094300234171 
0.000943892434486 
0.000944784209153 
0.000945677670483 
0.000946572823266 
0.000947469672309 
0.000948368222437 
0.000949268478497 
0.00095017044535 
0.000951074127878 
0.00095197953098 
0.000952886659575 
0.000953795518601 
0.000954706113013 
0.000955618447787 
0.000956532527916 
0.000957448358415 
0.000958365944315 
0.000959285290669 
0.000960206402546 
0.00096112928504 
0.000962053943258 
0.000962980382332 
0.000963908607412 
0.000964838623666 
0.000965770436284 
0.000966704050477 
0.000967639471473 
0.000968576704524 
0.000969515754899 
0.000970456627889 
0.000971399328806 
0.000972343862982 
0.000973290235769 
0.000974238452543 
0.000975188518696 
0.000976140439645 
0.000977094220828 
0.000978049867701 
0.000979007385745 
0.000979966780461 
0.000980928057371 
0.00098189122202 
0.000982856279974 
0.000983823236821 
0.00098479209817 
0.000985762869655 
0.000986735556929 
0.00098771016567 
0.000988686701575 
0.000989665170368 
0.000990645577793 
0.000991627929616 
0.000992612231628 
0.000993598489643 
0.000994586709495 
0.000995576897045 
0.000996569058176 
0.000997563198793 
0.000998559324827 
0.000999557442232 
0.00100055755698 
0.00100155967509 
0.00100256380256 
0.00100356994546 
0.00100457810986 
0.00100558830186 
0.00100660052757 
0.00100761479316 
0.00100863110478 
0.00100964946864 
0.00101066989095 
0.00101169237798 
0.00101271693599 
0.00101374357127 
0.00101477229015 
0.00101580309899 
0.00101683600416 
0.00101787101205 
0.0010189081291 
0.00101994736175 
0.0010209887165 
0.00102203219985 
0.00102307781832 
0.00102412557848 
0.00102517548692 
0.00102622755025 
0.00102728177511 
0.00102833816817 
0.00102939673612 
0.00103045748569 
0.00103152042364 
0.00103258555673 
0.00103365289177 
0.00103472243561 
0.0010357941951 
0.00103686817714 
0.00103794438865 
0.00103902283657 
0.00104010352789 
0.00104118646961 
0.00104227166877 
0.00104335913243 
0.0010444488677 
0.00104554088169 
0.00104663518156 
0.00104773177449 
0.00104883066771 
0.00104993186845 
0.001051035384 
0.00105214122165 
0.00105324938875 
0.00105435989266 
0.00105547274079 
0.00105658794056 
0.00105770549943 
0.00105882542491 
0.00105994772451 
0.00106107240579 
0.00106219947634 
0.00106332894379 
0.00106446081579 
0.00106559510001 
0.0010667318042 
0.00106787093609 
0.00106901250347 
0.00107015651417 
0.00107130297602 
0.00107245189693 
0.00107360328481 
0.00107475714762 
0.00107591349333 
0.00107707232999 
0.00107823366563 
0.00107939750837 
0.00108056386631 
0.00108173274763 
0.00108290416052 
0.00108407811322 
0.001085254614 
0.00108643367115 
0.00108761529303 
0.001088799488 
0.00108998626449 
0.00109117563094 
0.00109236759584 
0.00109356216771 
0.00109475935513 
0.00109595916668 
0.001097161611 
0.00109836669678 
0.00109957443272 
0.00110078482757 
0.00110199789013 
0.00110321362922 
0.00110443205371 
0.00110565317252 
0.00110687699458 
0.00110810352888 
0.00110933278445 
0.00111056477036 
0.00111179949571 
0.00111303696965 
0.00111427720137 
0.0011155202001 
0.0011167659751 
0.0011180145357 
0.00111926589123 
0.00112052005111 
0.00112177702476 
0.00112303682166 
0.00112429945134 
0.00112556492337 
0.00112683324735 
0.00112810443293 
0.00112937848981 
0.00113065542773 
0.00113193525647 
0.00113321798586 
0.00113450362578 
0.00113579218613 
0.00113708367688 
0.00113837810805 
0.00113967548968 
0.00114097583187 
0.00114227914476 
0.00114358543856 
0.0011448947235 
0.00114620700985 
0.00114752230797 
0.00114884062822 
0.00115016198103 
0.00115148637688 
0.0011528138263 
0.00115414433985 
0.00115547792816 
0.0011568146019 
0.00115815437179 
0.0011594972486 
0.00116084324314 
0.0011621923663 
0.00116354462898 
0.00116490004217 
0.00116625861688 
0.00116762036419 
0.00116898529523 
0.00117035342117 
0.00117172475324 
0.00117309930273 
0.00117447708098 
0.00117585809937 
0.00117724236934 
0.0011786299024 
0.00118002071009 
0.00118141480403 
0.00118281219587 
0.00118421289733 
0.00118561692017 
0.00118702427624 
0.00118843497741 
0.00118984903562 
0.00119126646287 
0.00119268727122 
0.00119411147278 
0.00119553907971 
0.00119697010424 
0.00119840455867 
0.00119984245534 
0.00120128380665 
0.00120272862507 
0.00120417692313 
0.0012056287134 
0.00120708400854 
0.00120854282126 
0.00121000516431 
0.00121147105054 
0.00121294049283 
0.00121441350415 
0.0012158900975 
0.00121737028598 
0.00121885408272 
0.00122034150094 
0.00122183255391 
0.00122332725498 
0.00122482561754 
0.00122632765507 
0.0012278333811 
0.00122934280923 
0.00123085595315 
0.00123237282658 
0.00123389344333 
0.00123541781727 
0.00123694596236 
0.00123847789258 
0.00124001362204 
0.00124155316488 
0.00124309653532 
0.00124464374765 
0.00124619481623 
0.00124774975551 
0.00124930857999 
0.00125087130424 
0.00125243794292 
0.00125400851076 
0.00125558302256 
0.00125716149319 
0.00125874393759 
0.00126033037081 
0.00126192080793 
0.00126351526413 
0.00126511375467 
0.00126671629488 
0.00126832290016 
0.00126993358601 
0.00127154836799 
0.00127316726174 
0.001274790283 
0.00127641744756 
0.00127804877131 
0.00127968427022 
0.00128132396033 
0.00128296785779 
0.0012846159788 
0.00128626833966 
0.00128792495676 
0.00128958584655 
0.0012912510256 
0.00129292051054 
0.00129459431808 
0.00129627246505 
0.00129795496834 
0.00129964184493 
0.00130133311189 
0.0013030287864 
0.0013047288857 
0.00130643342712 
0.00130814242812 
0.00130985590621 
0.001311573879 
0.0013132963642 
0.00131502337963 
0.00131675494316 
0.0013184910728 
0.00132023178663 
0.00132197710282 
0.00132372703965 
0.00132548161551 
0.00132724084885 
0.00132900475826 
0.00133077336239 
0.00133254668001 
0.00133432473 
0.00133610753132 
0.00133789510305 
0.00133968746435 
0.00134148463449 
0.00134328663287 
0.00134509347896 
0.00134690519235 
0.00134872179274 
0.00135054329992 
0.0013523697338 
0.0013542011144 
0.00135603746185 
0.00135787879636 
0.0013597251383 
0.0013615765081 
0.00136343292634 
0.0013652944137 
0.00136716099097 
0.00136903267904 
0.00137090949894 
0.00137279147181 
0.0013746786189 
0.00137657096157 
0.0013784685213 
0.00138037131972 
0.00138227937853 
0.00138419271958 
0.00138611136484 
0.00138803533639 
0.00138996465645 
0.00139189934735 
0.00139383943154 
0.00139578493162 
0.00139773587029 
0.00139969227038 
0.00140165415487 
0.00140362154684 
0.00140559446952 
0.00140757294627 
0.00140955700057 
0.00141154665604 
0.00141354193644 
0.00141554286564 
0.00141754946768 
0.0014195617667 
0.00142157978702 
0.00142360355305 
0.00142563308938 
0.00142766842072 
0.00142970957193 
0.001431756568 
0.00143380943408 
0.00143586819544 
0.00143793287753 
0.00144000350591 
0.00144208010632 
0.00144416270463 
0.00144625132685 
0.00144834599918 
0.00145044674792 
0.00145255359957 
0.00145466658074 
0.00145678571824 
0.00145891103901 
0.00146104257014 
0.00146318033891 
0.00146532437272 
0.00146747469916 
0.00146963134598 
0.00147179434108 
0.00147396371253 
0.00147613948857 
0.0014783216976 
0.00148051036821 
0.00148270552911 
0.00148490720924 
0.00148711543768 
0.00148933024368 
0.00149155165667 
0.00149377970626 
0.00149601442225 
0.00149825583458 
0.00150050397342 
0.00150275886907 
0.00150502055205 
0.00150728905306 
0.00150956440296 
0.00151184663282 
0.00151413577389 
0.00151643185761 
0.00151873491562 
0.00152104497974 
0.00152336208199 
0.00152568625458 
0.00152801752992 
0.00153035594062 
0.0015327015195 
0.00153505429956 
0.00153741431401 
0.00153978159627 
0.00154215617998 
0.00154453809895 
0.00154692738724 
0.00154932407909 
0.00155172820897 
0.00155413981155 
0.00155655892174 
0.00155898557465 
0.0015614198056 
0.00156386165016 
0.00156631114409 
0.00156876832339 
0.0015712332243 
0.00157370588327 
0.00157618633698 
0.00157867462236 
0.00158117077653 
0.00158367483691 
0.00158618684109 
0.00158870682696 
0.0015912348326 
0.00159377089636 
0.00159631505684 
0.00159886735287 
0.00160142782354 
0.00160399650817 
0.00160657344637 
0.00160915867797 
0.00161175224308 
0.00161435418206 
0.00161696453552 
0.00161958334435 
0.0016222106497 
0.00162484649298 
0.00162749091589 
0.00163014396038 
0.00163280566867 
0.00163547608329 
0.00163815524702 
0.00164084320292 
0.00164353999435 
0.00164624566494 
0.00164896025862 
0.0016516838196 
0.00165441639239 
0.00165715802178 
0.00165990875289 
0.0016626686311 
0.00166543770213 
0.00166821601197 
0.00167100360694 
0.00167380053367 
0.00167660683909 
0.00167942257046 
0.00168224777534 
0.00168508250163 
0.00168792679754 
0.00169078071161 
0.00169364429272 
0.00169651759005 
0.00169940065315 
0.00170229353189 
0.00170519627648 
0.00170810893748 
0.00171103156579 
0.00171396421266 
0.0017169069297 
0.00171985976885 
0.00172282278244 
0.00172579602315 
0.00172877954401 
0.00173177339844 
0.00173477764021 
0.00173779232347 
0.00174081750277 
0.001743853233 
0.00174689956946 
0.00174995656783 
0.00175302428419 
0.001756102775 
0.00175919209713 
0.00176229230783 
0.00176540346477 
0.00176852562604 
0.00177165885012 
0.00177480319591 
0.00177795872273 
0.00178112549033 
0.00178430355889 
0.00178749298899 
0.00179069384167 
0.00179390617842 
0.00179713006114 
0.0018003655522 
0.0018036127144 
0.00180687161101 
0.00181014230575 
0.00181342486281 
0.00181671934685 
0.00182002582297 
0.00182334435678 
0.00182667501436 
0.00183001786227 
0.00183337296755 
0.00183674039774 
0.00184012022089 
0.00184351250553 
0.0018469173207 
0.00185033473598 
0.00185376482142 
0.00185720764762 
0.0018606632857 
0.00186413180732 
0.00186761328465 
0.00187110779041 
0.00187461539789 
0.00187813618089 
0.0018816702138 
0.00188521757155 
0.00188877832965 
0.00189235256416 
0.00189594035175 
0.00189954176964 
0.00190315689566 
0.00190678580822 
0.00191042858633 
0.00191408530962 
0.00191775605832 
0.00192144091328 
0.00192513995595 
0.00192885326845 
0.0019325809335 
0.00193632303447 
0.0019400796554 
0.00194385088095 
0.00194763679645 
0.00195143748791 
0.00195525304199 
0.00195908354605 
0.00196292908813 
0.00196678975696 
0.00197066564196 
0.00197455683327 
0.00197846342173 
0.00198238549893 
0.00198632315715 
0.00199027648943 
0.00199424558955 
0.00199823055201 
0.00200223147211 
0.00200624844589 
0.00201028157017 
0.00201433094254 
0.00201839666139 
0.0020224788259 
0.00202657753605 
0.00203069289265 
0.00203482499731 
0.00203897395248 
0.00204313986144 
0.00204732282832 
0.0020515229581 
0.00205574035664 
0.00205997513065 
0.00206422738773 
0.00206849723638 
0.00207278478598 
0.00207709014683 
0.00208141343016 
0.00208575474811 
0.00209011421375 
0.00209449194113 
0.00209888804522 
0.00210330264199 
0.00210773584837 
0.00211218778228 
0.00211665856264 
0.00212114830937 
0.00212565714342 
0.00213018518678 
0.00213473256246 
0.00213929939454 
0.00214388580815 
0.00214849192951 
0.00215311788591 
0.00215776380576 
0.00216242981855 
0.00216711605493 
0.00217182264665 
0.00217654972664 
0.00218129742897 
0.00218606588887 
0.00219085524278 
0.00219566562834 
0.00220049718437 
0.00220535005095 
0.00221022436937 
0.0022151202822 
0.00222003793325 
0.00222497746763 
0.00222993903173 
0.00223492277326 
0.00223992884123 
0.00224495738603 
0.00225000855936 
0.00225508251432 
0.00226017940538 
0.00226529938841 
0.00227044262069 
0.00227560926094 
0.00228079946933 
0.0022860134075 
0.00229125123855 
0.0022965131271 
0.00230179923927 
0.00230710974272 
0.00231244480666 
0.00231780460188 
0.00232318930073 
0.00232859907719 
0.00233403410686 
0.00233949456697 
0.00234498063643 
0.00235049249582 
0.00235603032742 
0.00236159431525 
0.00236718464505 
0.00237280150434 
0.00237844508241 
0.00238411557036 
0.00238981316113 
0.00239553804949 
0.00240129043208 
0.00240707050746 
0.00241287847608 
0.00241871454034 
0.00242457890459 
0.00243047177518 
0.00243639336048 
0.00244234387087 
0.00244832351881 
0.00245433251884 
0.00246037108761 
0.0024664394439 
0.00247253780868 
0.00247866640508 
0.00248482545847 
0.00249101519645 
0.00249723584889 
0.002503487648 
0.00250977082826 
0.00251608562657 
0.00252243228218 
0.00252881103678 
0.00253522213449 
0.00254166582194 
0.00254814234826 
0.00255465196511 
0.00256119492677 
0.00256777149008 
0.00257438191456 
0.00258102646241 
0.00258770539852 
0.00259441899055 
0.00260116750893 
0.00260795122693 
0.00261477042065 
0.00262162536912 
0.00262851635428 
0.00263544366104 
0.00264240757734 
0.00264940839416 
0.00265644640557 
0.00266352190877 
0.00267063520414 
0.00267778659529 
0.00268497638908 
0.00269220489566 
0.00269947242854 
0.00270677930465 
0.00271412584431 
0.00272151237138 
0.00272893921321 
0.00273640670075 
0.00274391516861 
0.00275146495503 
0.00275905640203 
0.00276668985539 
0.00277436566473 
0.00278208418357 
0.00278984576936 
0.00279765078356 
0.00280549959169 
0.00281339256338 
0.00282133007242 
0.00282931249685 
0.00283734021899 
0.00284541362551 
0.0028535331075 
0.00286169906051 
0.00286991188465 
0.00287817198464 
0.00288647976985 
0.0028948356544 
0.00290324005723 
0.00291169340215 
0.00292019611792 
0.00292874863832 
0.00293735140224 
0.00294600485373 
0.00295470944209 
0.00296346562194 
0.00297227385333 
0.00298113460176 
0.00299004833832 
0.00299901553975 
0.00300803668852 
0.00301711227293 
0.00302624278719 
0.00303542873149 
0.00304467061215 
0.00305396894163 
0.00306332423872 
0.00307273702854 
0.0030822078427 
0.00309173721941 
0.00310132570352 
0.00311097384667 
0.0031206822074 
0.00313045135123 
0.0031402818508 
0.00315017428593 
0.00316012924382 
0.00317014731907 
0.00318022911387 
0.00319037523808 
0.00320058630939 
0.0032108629534 
0.00322120580378 
0.0032316155024 
0.00324209269942 
0.00325263805351 
0.0032632522319 
0.00327393591057 
0.00328468977437 
0.00329551451721 
0.00330641084214 
0.00331737946156 
0.00332842109735 
0.00333953648102 
0.00335072635392 
0.00336199146733 
0.00337333258269 
0.00338475047174 
0.00339624591671 
0.00340781971049 
0.00341947265681 
0.00343120557044 
0.00344301927736 
0.00345491461498 
0.00346689243231 
0.00347895359019 
0.00349109896145 
0.00350332943119 
0.00351564589693 
0.00352804926887 
0.00354054047009 
0.00355312043679 
0.00356579011853 
0.00357855047846 
0.00359140249358 
0.00360434715494 
0.00361738546796 
0.00363051845265 
0.00364374714389 
0.0036570725917 
0.00367049586151 
0.00368401803446 
0.00369764020767 
0.00371136349456 
0.00372518902511 
0.00373911794625 
0.00375315142209 
0.00376729063429 
0.00378153678239 
0.00379589108415 
0.00381035477587 
0.00382492911278 
0.00383961536939 
0.00385441483985 
0.00386932883835 
0.00388435869948 
0.00389950577868 
0.00391477145258 
0.00393015711947 
0.00394566419972 
0.00396129413618 
0.00397704839466 
0.0039929284644 
0.0040089358585 
0.00402507211443 
0.00404133879452 
0.00405773748644 
0.00407426980376 
0.00409093738642 
0.00410774190134 
0.00412468504292 
0.00414176853364 
0.00415899412464 
0.0041763635963 
0.00419387875887 
0.00421154145311 
0.00422935355091 
0.00424731695596 
0.00426543360444 
0.00428370546568 
0.00430213454294 
0.00432072287406 
0.00433947253229 
0.00435838562701 
0.00437746430452 
0.00439671074888 
0.00441612718273 
0.00443571586815 
0.00445547910753 
0.00447541924447 
0.00449553866472 
0.00451583979713 
0.00453632511462 
0.00455699713517 
0.00457785842289 
0.00459891158904 
0.00462015929316 
0.00464160424414 
0.00466324920143 
0.00468509697616 
0.00470715043242 
0.00472941248846 
0.00475188611801 
0.00477457435159 
0.00479748027788 
0.0048206070451 
0.0048439578625 
0.00486753600179 
0.00489134479869 
0.00491538765453 
0.00493966803782 
0.00496418948596 
0.00498895560693 
0.00501397008108 
0.00503923666294 
0.0050647591831 
0.00509054155016 
0.00511658775271 
0.00514290186139 
0.00516948803101 
0.00519635050274 
0.00522349360636 
0.00525092176262 
0.00527863948557 
0.00530665138511 
0.00533496216949 
0.005363576648 
0.00539249973365 
0.00542173644599 
0.00545129191404 
0.00548117137926 
0.00551138019866 
0.00554192384802 
0.00557280792516 
0.0056040381534 
0.00563562038505 
0.00566756060513 
0.00569986493509 
0.00573253963676 
0.00576559111636 
0.00579902592874 
0.00583285078166 
0.00586707254031 
0.00590169823195 
0.00593673505071 
0.00597219036256 
0.00600807171053 
0.00604438681999 
0.00608114360424 
0.00611835017025 
0.0061560148246 
0.00619414607969 
0.00623275266014 
0.00627184350946 
0.00631142779693 
0.00635151492477 
0.00639211453565 
0.00643323652032 
0.00647489102573 
0.00651708846334 
0.00655983951778 
0.00660315515591 
0.00664704663618 
0.00669152551837 
0.00673660367376 
0.00678229329569 
0.00682860691056 
0.00687555738926 
0.00692315795913 
0.00697142221633 
0.00702036413885 
0.00706999809998 
0.00712033888235 
0.00717140169266 
0.00722320217698 
0.00727575643671 
0.0073290810453 
0.00738319306565 
0.00743811006833 
0.00749385015059 
0.00755043195624 
0.00760787469646 
0.00766619817155 
0.00772542279365 
0.00778556961058 
0.00784666033079 
0.00790871734949 
0.00797176377597 
0.00803582346236 
0.00810092103367 
0.00816708191937 
0.00823433238652 
0.00830269957452 
0.00837221153165 
0.00844289725339 
0.00851478672283 
0.00858791095299 
0.00866230203148 
0.00873799316744 
0.00881501874097 
0.00889341435519 
0.0089732168911 
0.00905446456548 
0.00913719699187 
0.00922145524499 
0.00930728192875 
0.00939472124805 
0.00948381908472 
0.00957462307779 
0.00966718270845 
0.00976154938992 
0.00985777656271 
0.00995591979553 
0.0100560368923 
0.0101581880056 
0.0102624357575 
0.0103688453669 
0.0104774847865 
0.0105884248467 
0.0107017394102 
0.0108175055355 
0.0109358036521 
0.0110567177464 
0.011180335561 
0.0113067488067 
0.0114360533898 
0.011568349654 
0.0117037426412 
0.0118423423685 
0.0119842641274 
0.0121296288027 
0.0122785632167 
0.0124312004979 
0.0125876804777 
0.0127481501181 
0.0129127639717 
0.0130816846783 
0.013255083501 
0.0134331409054 
0.0136160471858 
0.013804003144 
0.0139972208242 
0.0141959243116 
0.0144003505988 
0.0146107505289 
0.0148273898226 
0.0150505501974 
0.0152805305901 
0.0155176484926 
0.0157622414143 
0.0160146684852 
0.0162753122148 
0.0165445804267 
0.0168229083875 
0.0171107611549 
0.0174086361704 
0.0177170661286 
0.0180366221561 
0.018367917341 
0.0187116106589 
0.0190684113479 
0.0194390837939 
0.0198244529969 
0.0202254107007 
0.0206429222819 
0.0210780345101 
0.0215318843107 
0.0220057086843 
0.0225008559658 
0.0230187986385 
0.023561147959 
0.0241296707006 
0.0247263083795 
0.0253531994064 
0.0260127046956 
0.0267074373773 
0.0274402974018 
0.0282145120022 
0.0290336832054 
0.0299018438675 
0.0308235240718 
0.0318038301974 
0.0328485395722 
0.0339642144134 
0.035158339805 
0.0364394918415 
0.0378175439248 
0.0393039217105 
0.0409119206362 
0.042657104719 
0.0445578119703 
0.0466358012327 
0.0489170888659 
0.0514330436319 
0.0542218377803 
0.0573303972816 
0.0608170637053 
0.0647552903221 
0.0692388736894 
0.0743895202885 
0.0803680618565 
0.0873915514708 
0.095760182378 
0.105901311258 
0.118444767442 
0.134358872896 
0.155213134738 
0.183730525556 
0.225085625898 
0.290465157726 
0.409374058073 
0.69311899294 
2.25859201774 
