0.00236685752869
0.00237247283387
0.00237811484674
0.00238378375829
0.00238947976134
0.00239520305055
0.00240095382247
0.00240673227553
0.00241253861007
0.00241837302837
0.00242423573469
0.00243012693524
0.00243604683828
0.00244199565407
0.00244797359495
0.00245398087534
0.00246001771175
0.00246608432287
0.0024721809295
0.00247830775467
0.0024844650236
0.00249065296378
0.00249687180494
0.00250312177913
0.00250940312074
0.00251571606649
0.0025220608555
0.00252843772932
0.00253484693194
0.00254128870983
0.00254776331197
0.00255427098989
0.00256081199769
0.00256738659208
0.00257399503241
0.00258063758072
0.00258731450176
0.00259402606301
0.00260077253475
0.00260755419007
0.00261437130492
0.00262122415814
0.00262811303151
0.00263503820977
0.00264199998067
0.00264899863501
0.00265603446669
0.00266310777272
0.0026702188533
0.00267736801185
0.00268455555501
0.00269178179278
0.00269904703846
0.00270635160875
0.00271369582381
0.00272108000726
0.00272850448627
0.00273596959157
0.00274347565755
0.00275102302224
0.00275861202744
0.0027662430187
0.00277391634543
0.0027816323609
0.00278939142235
0.00279719389099
0.00280504013211
0.0028129305151
0.0028208654135
0.0028288452051
0.00283687027196
0.00284494100051
0.00285305778157
0.00286122101044
0.00286943108696
0.00287768841555
0.00288599340534
0.00289434647017
0.00290274802868
0.0029111985044
0.0029196983258
0.00292824792637
0.00293684774469
0.0029454982245
0.00295419981481
0.00296295296993
0.00297175814956
0.00298061581891
0.00298952644874
0.00299849051544
0.00300750850116
0.00301658089384
0.00302570818735
0.00303489088153
0.00304412948234
0.00305342450189
0.00306277645857
0.00307218587715
0.00308165328887
0.00309117923151
0.00310076424956
0.00311040889426
0.00312011372374
0.00312987930311
0.00313970620458
0.00314959500756
0.00315954629881
0.0031695606725
0.00317963873038
0.00318978108185
0.00319998834413
0.00321026114236
0.00322060010975
0.00323100588767
0.00324147912581
0.00325202048232
0.00326263062393
0.00327331022612
0.00328405997321
0.00329488055857
0.00330577268472
0.00331673706351
0.00332777441625
0.00333888547391
0.00335007097724
0.00336133167693
0.00337266833384
0.00338408171909
0.0033955726143
0.00340714181173
0.00341879011447
0.00343051833665
0.00344232730359
0.00345421785201
0.00346619083026
0.00347824709845
0.00349038752875
0.0035026130055
0.00351492442551
0.00352732269821
0.00353980874595
0.00355238350415
0.00356504792158
0.00357780296059
0.00359064959735
0.0036035888221
0.00361662163941
0.00362974906844
0.00364297214318
0.00365629191277
0.00366970944172
0.00368322581025
0.00369684211455
0.00371055946705
0.0037243789968
0.00373830184969
0.00375232918884
0.00376646219487
0.00378070206627
0.00379505001972
0.00380950729044
0.00382407513254
0.00383875481938
0.00385354764397
0.00386845491931
0.0038834779788
0.00389861817664
0.00391387688822
0.00392925551055
0.00394475546269
0.00396037818617
0.00397612514546
0.00399199782841
0.00400799774671
0.0040241264364
0.00404038545834
0.00405677639871
0.00407330086954
0.00408996050924
0.00410675698312
0.00412369198397
0.00414076723262
0.0041579844785
0.00417534550028
0.00419285210646
0.00421050613598
0.0042283094589
0.00424626397704
0.00426437162465
0.00428263436914
0.00430105421173
0.00431963318824
0.00433837336983
0.00435727686375
0.00437634581411
0.00439558240276
0.00441498885006
0.00443456741575
0.00445432039986
0.00447425014354
0.00449435903008
0.00451464948576
0.00453512398091
0.00455578503086
0.00457663519698
0.00459767708776
0.00461891335989
0.00464034671934
0.00466197992258
0.0046838157777
0.00470585714565
0.00472810694148
0.00475056813566
0.00477324375535
0.00479613688579
0.0048192506717
0.00484258831871
0.00486615309484
0.00488994833205
0.00491397742778
0.00493824384657
0.00496275112176
0.00498750285716
0.00501250272884
0.00503775448695
0.0050632619576
0.00508902904476
0.00511505973231
0.00514135808602
0.00516792825575
0.00519477447755
0.00522190107599
0.0052493124664
0.00527701315735
0.00530500775307
0.00533330095599
0.00536189756942
0.00539080250024
0.00542002076172
0.00544955747638
0.00547941787905
0.00550960731991
0.00554013126769
0.00557099531302
0.00560220517177
0.00563376668865
0.00566568584081
0.00569796874163
0.00573062164463
0.0057636509475
0.00579706319629
0.0058308650897
0.00586506348362
0.0058996653957
0.00593467801019
0.00597010868291
0.00600596494638
0.0060422545152
0.00607898529152
0.00611616537085
0.00615380304795
0.00619190682303
0.00623048540814
0.00626954773381
0.00630910295595
0.006349160463
0.00638972988334
0.00643082109306
0.00647244422389
0.00651460967163
0.00655732810473
0.00660061047329
0.00664446801848
0.00668891228222
0.00673395511731
0.006779608698
0.00682588553091
0.00687279846652
0.00692036071101
0.00696858583866
0.0070174878048
0.00706708095924
0.00711738006035
0.00716840028963
0.00722015726708
0.00727266706705
0.00732594623497
0.00738001180466
0.00743488131655
0.00749057283658
0.00754710497611
0.0076044969126
0.00766276841132
0.00772193984807
0.00778203223286
0.00784306723489
0.0079050672085
0.00796805522054
0.00803205507895
0.00809709136275
0.00816318945357
0.00823037556861
0.00829867679536
0.00836812112798
0.0084387375056
0.00851055585246
0.00858360712028
0.00865792333264
0.00873353763188
0.00881048432832
0.00888879895218
0.00896851830832
0.00904968053388
0.0091323251591
0.00921649317157
0.00930222708397
0.00938957100568
0.00947857071848
0.0095692737565
0.00966172949096
0.00975598921972
0.0098521062622
0.00995013605999
0.0100501362834
0.0101521669448
0.0102562905184
0.010362572068
0.0104710793828
0.0105818831209
0.0106950569637
0.0108106777784
0.0109288257925
0.0110495847796
0.0111730422573
0.0112992896986
0.0114284227581
0.0115605415139
0.0116957507257
0.0118341601124
0.0119758846488
0.0121210448841
0.0122697672841
0.0124221845983
0.0125784362554
0.0127386687888
0.0129030362945
0.013071700926
0.0132448334273
0.0134226137101
0.0136052314766
0.0137928868956
0.0139857913336
0.0141841681496
0.0143882535574
0.0145982975643
0.0148145649923
0.0150373365926
0.0152669102609
0.015503602367
0.0157477492089
0.0159997086074
0.0162598616559
0.0165286146434
0.0168064011719
0.017093684491
0.0173909600755
0.0176987584776
0.0180176484864
0.0183482406366
0.0186911911088
0.0190472060777
0.0194170465651
0.0198015338703
0.0202015556589
0.0206180728042
0.0210521270933
0.0215048499271
0.0219774721679
0.0224713353143
0.0229879042182
0.0235287815959
0.0240957246383
0.0246906640811
0.025315726172
0.0259732580608
0.0266658572527
0.0273964059017
0.0281681109014
0.0289845509469
0.0298497320256
0.0307681531521
0.031744884624
0.0327856616711
0.0338969971513
0.0350863179717
0.0363621312716
0.037734228232
0.0392139358367
0.0408144302872
0.042551130434
0.0444421961178
0.0465091655755
0.0487777793938
0.051279057971
0.0540507284063
0.0571391405749
0.0606018799102
0.0645113915114
0.068960103764
0.0740678289328
0.0799927157163
0.086947915612
0.0952277718859
0.105250546963
0.11763130629
0.13331310044
0.153819217191
0.181780560746
0.222166025426
0.285621395682
0.39981795921
0.66616115118
1.99545724991
