0.00596920967102
0.00600505510402
0.00604133364547
0.00607805319272
0.00611522183632
0.00615284786595
0.00619093977654
0.00622950627473
0.00626855628544
0.00630809895882
0.00634814367734
0.00638870006325
0.00642977798628
0.00647138757163
0.00651353920831
0.00655624355778
0.00659951156295
0.00664335445751
0.00668778377567
0.00673281136226
0.00677844938329
0.00682471033686
0.00687160706462
0.00691915276364
0.00696736099875
0.0070162457155
0.0070658212536
0.0071161023609
0.00716710420808
0.00721884240385
0.00727133301092
0.00732459256261
0.00737863808022
0.00743348709114
0.00748915764784
0.00754566834765
0.0076030383535
0.00766128741556
0.00772043589391
0.00778050478231
0.00784151573297
0.00790349108264
0.00796645387984
0.00803042791345
0.00809543774267
0.00816150872846
0.00822866706655
0.00829693982202
0.0083663549657
0.00843694141238
0.00850872906096
0.00858174883668
0.00865603273554
0.00873161387104
0.00880852652342
0.00888680619146
0.00896648964717
0.00904761499334
0.00913022172431
0.00921435079007
0.00930004466396
0.00938734741419
0.00947630477936
0.00956696424839
0.00965937514506
0.0097535887175
0.00984965823291
0.00994763907805
0.0100475888657
0.0101495675476
0.0102536375343
0.0103598638229
0.0104683141317
0.010579059045
0.0106921721657
0.0108077302786
0.0109258135242
0.0110465055843
0.0111698938794
0.0112960697801
0.0114251288327
0.0115571710003
0.0116923009214
0.0118306281863
0.0119722676332
0.0121173396667
0.0122659705988
0.0124182930158
0.0125744461729
0.0127345764186
0.0128988376524
0.013067391818
0.0132404094359
0.0134180701789
0.0136005634943
0.013788089278
0.0139808586047
0.0141790945203
0.0143830329033
0.0145929234008
0.0148090304477
0.0150316343789
0.0152610326418
0.0154975411228
0.0157414955981
0.0159932533249
0.0162531947865
0.0165217256111
0.016799278684
0.0170863164761
0.0173833336157
0.0176908597324
0.0180094626092
0.0183397516814
0.0186823819268
0.0190380582012
0.0194075400788
0.0197916472663
0.0201912656744
0.0206073542387
0.0210409526025
0.0214931897902
0.0219652940234
0.0224586038605
0.0229745808712
0.0235148240991
0.024081086615
0.0246752945196
0.0252995688317
0.0259562507851
0.0266479311694
0.0273774844917
0.0281481089068
0.0289633730867
0.0298272714787
0.0307442897557
0.0317194827235
0.0327585675406
0.0338680358815
0.0350552896906
0.0363288065275
0.0376983423118
0.0391751817225
0.0407724498548
0.0425055033591
0.0443924257614
0.0464546608442
0.0487178311682
0.0512128081072
0.0539771284275
0.0570568958209
0.060509372801
0.0644065742107
0.0688403449997
0.073929690392
0.0798316171299
0.0867576180795
0.0949995530179
0.104971829942
0.117283269347
0.132866258533
0.15322464365
0.180950759256
0.220927815147
0.283578106679
0.395825573343
0.655151154831
1.89982122315
