0.000633161067963 
0.000633562214891 
0.000633963870445 
0.000634366035592 
0.000634768711303 
0.000635171898551 
0.00063557559831 
0.000635979811559 
0.000636384539279 
0.000636789782451 
0.000637195542062 
0.000637601819099 
0.000638008614552 
0.000638415929414 
0.000638823764682 
0.000639232121352 
0.000639641000426 
0.000640050402906 
0.000640460329798 
0.00064087078211 
0.000641281760854 
0.000641693267042 
0.000642105301691 
0.000642517865819 
0.000642930960448 
0.000643344586601 
0.000643758745305 
0.000644173437588 
0.000644588664484 
0.000645004427026 
0.000645420726252 
0.000645837563201 
0.000646254938916 
0.000646672854442 
0.000647091310827 
0.000647510309122 
0.00064792985038 
0.000648349935657 
0.000648770566011 
0.000649191742506 
0.000649613466204 
0.000650035738173 
0.000650458559483 
0.000650881931206 
0.000651305854418 
0.000651730330198 
0.000652155359626 
0.000652580943786 
0.000653007083765 
0.000653433780652 
0.000653861035541 
0.000654288849525 
0.000654717223705 
0.000655146159179 
0.000655575657053 
0.000656005718433 
0.000656436344428 
0.000656867536153 
0.000657299294721 
0.000657731621252 
0.000658164516866 
0.000658597982689 
0.000659032019848 
0.000659466629473 
0.000659901812697 
0.000660337570657 
0.000660773904492 
0.000661210815344 
0.000661648304359 
0.000662086372685 
0.000662525021473 
0.000662964251878 
0.000663404065058 
0.000663844462173 
0.000664285444386 
0.000664727012865 
0.00066516916878 
0.000665611913303 
0.000666055247611 
0.000666499172882 
0.0006669436903 
0.00066738880105 
0.000667834506321 
0.000668280807304 
0.000668727705194 
0.000669175201191 
0.000669623296495 
0.000670071992312 
0.000670521289848 
0.000670971190316 
0.00067142169493 
0.000671872804907 
0.00067232452147 
0.00067277684584 
0.000673229779248 
0.000673683322923 
0.000674137478099 
0.000674592246014 
0.00067504762791 
0.00067550362503 
0.000675960238621 
0.000676417469936 
0.000676875320227 
0.000677333790754 
0.000677792882776 
0.00067825259756 
0.000678712936372 
0.000679173900484 
0.000679635491172 
0.000680097709713 
0.000680560557389 
0.000681024035486 
0.000681488145293 
0.000681952888102 
0.000682418265209 
0.000682884277913 
0.000683350927518 
0.000683818215329 
0.000684286142658 
0.000684754710818 
0.000685223921126 
0.000685693774903 
0.000686164273474 
0.000686635418167 
0.000687107210313 
0.000687579651249 
0.000688052742314 
0.00068852648485 
0.000689000880204 
0.000689475929727 
0.000689951634772 
0.000690427996697 
0.000690905016863 
0.000691382696637 
0.000691861037387 
0.000692340040485 
0.000692819707309 
0.00069330003924 
0.00069378103766 
0.00069426270396 
0.000694745039529 
0.000695228045765 
0.000695711724068 
0.00069619607584 
0.00069668110249 
0.000697166805428 
0.000697653186071 
0.000698140245838 
0.000698627986152 
0.000699116408441 
0.000699605514135 
0.000700095304671 
0.000700585781487 
0.000701076946027 
0.000701568799738 
0.000702061344073 
0.000702554580486 
0.000703048510437 
0.000703543135391 
0.000704038456814 
0.000704534476179 
0.000705031194963 
0.000705528614645 
0.000706026736711 
0.000706525562648 
0.00070702509395 
0.000707525332115 
0.000708026278643 
0.00070852793504 
0.000709030302816 
0.000709533383486 
0.000710037178568 
0.000710541689584 
0.000711046918063 
0.000711552865535 
0.000712059533536 
0.000712566923608 
0.000713075037293 
0.000713583876142 
0.000714093441708 
0.000714603735549 
0.000715114759228 
0.00071562651431 
0.000716139002368 
0.000716652224978 
0.000717166183719 
0.000717680880177 
0.000718196315941 
0.000718712492605 
0.000719229411769 
0.000719747075034 
0.000720265484009 
0.000720784640307 
0.000721304545545 
0.000721825201343 
0.00072234660933 
0.000722868771136 
0.000723391688397 
0.000723915362753 
0.000724439795851 
0.00072496498934 
0.000725490944875 
0.000726017664116 
0.000726545148728 
0.00072707340038 
0.000727602420746 
0.000728132211506 
0.000728662774343 
0.000729194110947 
0.000729726223011 
0.000730259112235 
0.000730792780322 
0.000731327228981 
0.000731862459926 
0.000732398474875 
0.000732935275553 
0.000733472863689 
0.000734011241016 
0.000734550409273 
0.000735090370205 
0.000735631125562 
0.000736172677097 
0.00073671502657 
0.000737258175747 
0.000737802126397 
0.000738346880295 
0.000738892439222 
0.000739438804965 
0.000739985979313 
0.000740533964063 
0.000741082761018 
0.000741632371984 
0.000742182798773 
0.000742734043204 
0.0007432861071 
0.000743838992289 
0.000744392700605 
0.000744947233888 
0.000745502593984 
0.000746058782741 
0.000746615802018 
0.000747173653675 
0.000747732339579 
0.000748291861603 
0.000748852221626 
0.000749413421532 
0.00074997546321 
0.000750538348555 
0.00075110207947 
0.000751666657859 
0.000752232085637 
0.000752798364721 
0.000753365497035 
0.00075393348451 
0.00075450232908 
0.000755072032687 
0.000755642597279 
0.000756214024809 
0.000756786317235 
0.000757359476525 
0.000757933504647 
0.000758508403579 
0.000759084175305 
0.000759660821814 
0.0007602383451 
0.000760816747165 
0.000761396030016 
0.000761976195666 
0.000762557246135 
0.000763139183449 
0.00076372200964 
0.000764305726746 
0.000764890336811 
0.000765475841885 
0.000766062244026 
0.000766649545297 
0.000767237747768 
0.000767826853514 
0.000768416864617 
0.000769007783167 
0.000769599611258 
0.000770192350991 
0.000770786004476 
0.000771380573827 
0.000771976061164 
0.000772572468615 
0.000773169798315 
0.000773768052404 
0.00077436723303 
0.000774967342346 
0.000775568382514 
0.000776170355702 
0.000776773264082 
0.000777377109837 
0.000777981895155 
0.000778587622228 
0.000779194293261 
0.000779801910459 
0.000780410476039 
0.000781019992223 
0.00078163046124 
0.000782241885326 
0.000782854266723 
0.000783467607683 
0.000784081910461 
0.000784697177323 
0.00078531341054 
0.000785930612389 
0.000786548785158 
0.000787167931138 
0.000787788052629 
0.00078840915194 
0.000789031231384 
0.000789654293283 
0.000790278339967 
0.000790903373772 
0.000791529397043 
0.00079215641213 
0.000792784421393 
0.000793413427198 
0.000794043431919 
0.000794674437937 
0.000795306447641 
0.000795939463428 
0.000796573487702 
0.000797208522876 
0.000797844571368 
0.000798481635606 
0.000799119718026 
0.000799758821069 
0.000800398947188 
0.00080104009884 
0.000801682278491 
0.000802325488617 
0.000802969731699 
0.000803615010229 
0.000804261326703 
0.000804908683629 
0.00080555708352 
0.0008062065289 
0.0008068570223 
0.000807508566257 
0.000808161163319 
0.000808814816042 
0.000809469526988 
0.000810125298731 
0.000810782133849 
0.000811440034932 
0.000812099004577 
0.000812759045389 
0.000813420159981 
0.000814082350977 
0.000814745621008 
0.000815409972713 
0.000816075408739 
0.000816741931745 
0.000817409544396 
0.000818078249365 
0.000818748049335 
0.000819418947 
0.000820090945059 
0.000820764046221 
0.000821438253205 
0.000822113568739 
0.000822789995559 
0.000823467536409 
0.000824146194045 
0.00082482597123 
0.000825506870737 
0.000826188895346 
0.00082687204785 
0.000827556331048 
0.00082824174775 
0.000828928300775 
0.00082961599295 
0.000830304827114 
0.000830994806113 
0.000831685932803 
0.000832378210051 
0.000833071640732 
0.000833766227732 
0.000834461973944 
0.000835158882273 
0.000835856955634 
0.00083655619695 
0.000837256609155 
0.000837958195192 
0.000838660958015 
0.000839364900587 
0.00084007002588 
0.000840776336879 
0.000841483836577 
0.000842192527977 
0.000842902414092 
0.000843613497946 
0.000844325782572 
0.000845039271016 
0.000845753966331 
0.000846469871583 
0.000847186989845 
0.000847905324204 
0.000848624877757 
0.000849345653608 
0.000850067654876 
0.000850790884688 
0.000851515346183 
0.000852241042509 
0.000852967976827 
0.000853696152307 
0.00085442557213 
0.000855156239489 
0.000855888157588 
0.000856621329639 
0.000857355758869 
0.000858091448514 
0.000858828401822 
0.00085956662205 
0.000860306112469 
0.00086104687636 
0.000861788917015 
0.000862532237738 
0.000863276841844 
0.00086402273266 
0.000864769913524 
0.000865518387785 
0.000866268158805 
0.000867019229957 
0.000867771604626 
0.000868525286207 
0.000869280278109 
0.000870036583753 
0.00087079420657 
0.000871553150003 
0.00087231341751 
0.000873075012558 
0.000873837938627 
0.00087460219921 
0.000875367797811 
0.000876134737947 
0.000876903023148 
0.000877672656954 
0.00087844364292 
0.000879215984613 
0.00087998968561 
0.000880764749505 
0.000881541179902 
0.000882318980417 
0.00088309815468 
0.000883878706335 
0.000884660639036 
0.000885443956452 
0.000886228662266 
0.00088701476017 
0.000887802253873 
0.000888591147096 
0.000889381443573 
0.000890173147052 
0.000890966261293 
0.00089176079007 
0.000892556737171 
0.000893354106397 
0.000894152901564 
0.000894953126498 
0.000895754785044 
0.000896557881056 
0.000897362418404 
0.000898168400973 
0.000898975832659 
0.000899784717374 
0.000900595059045 
0.000901406861611 
0.000902220129026 
0.000903034865258 
0.000903851074292 
0.000904668760122 
0.000905487926762 
0.000906308578238 
0.00090713071859 
0.000907954351873 
0.000908779482159 
0.000909606113532 
0.000910434250092 
0.000911263895953 
0.000912095055247 
0.000912927732117 
0.000913761930724 
0.000914597655244 
0.000915434909866 
0.000916273698797 
0.000917114026258 
0.000917955896486 
0.000918799313734 
0.000919644282269 
0.000920490806376 
0.000921338890354 
0.000922188538519 
0.000923039755202 
0.00092389254475 
0.000924746911527 
0.000925602859913 
0.000926460394304 
0.000927319519111 
0.000928180238764 
0.000929042557707 
0.000929906480402 
0.000930772011327 
0.000931639154977 
0.000932507915864 
0.000933378298516 
0.000934250307478 
0.000935123947313 
0.000935999222601 
0.000936876137938 
0.000937754697938 
0.000938634907232 
0.000939516770468 
0.000940400292314 
0.000941285477452 
0.000942172330584 
0.000943060856429 
0.000943951059724 
0.000944842945223 
0.0009457365177 
0.000946631781945 
0.000947528742767 
0.000948427404994 
0.000949327773471 
0.000950229853061 
0.000951133648648 
0.000952039165133 
0.000952946407435 
0.000953855380493 
0.000954766089265 
0.000955678538726 
0.000956592733872 
0.000957508679718 
0.000958426381297 
0.000959345843662 
0.000960267071886 
0.000961190071061 
0.000962114846299 
0.00096304140273 
0.000963969745506 
0.000964899879797 
0.000965831810795 
0.000966765543711 
0.000967701083776 
0.00096863843624 
0.000969577606377 
0.000970518599477 
0.000971461420855 
0.000972406075843 
0.000973352569796 
0.000974300908088 
0.000975251096117 
0.000976203139298 
0.000977157043072 
0.000978112812896 
0.000979070454252 
0.000980029972642 
0.000980991373591 
0.000981954662644 
0.00098291984537 
0.000983886927356 
0.000984855914215 
0.000985826811581 
0.000986799625109 
0.000987774360478 
0.000988751023388 
0.000989729619562 
0.000990710154746 
0.00099169263471 
0.000992677065244 
0.000993663452164 
0.000994651801306 
0.000995642118533 
0.000996634409728 
0.0009976286808 
0.000998624937679 
0.000999623186321 
0.00100062343271 
0.00100162568283 
0.00100262994274 
0.00100363621846 
0.00100464451608 
0.0010056548417 
0.00100666720145 
0.00100768160147 
0.00100869804793 
0.00100971654704 
0.00101073710502 
0.00101175972812 
0.00101278442261 
0.0010138111948 
0.001014840051 
0.00101587099758 
0.0010169040409 
0.00101793918737 
0.00101897644343 
0.00102001581551 
0.00102105731012 
0.00102210093375 
0.00102314669294 
0.00102419459425 
0.00102524464427 
0.00102629684962 
0.00102735121694 
0.00102840775289 
0.00102946646419 
0.00103052735754 
0.00103159043971 
0.00103265571748 
0.00103372319765 
0.00103479288706 
0.00103586479258 
0.0010369389211 
0.00103801527954 
0.00103909387486 
0.00104017471404 
0.00104125780408 
0.00104234315202 
0.00104343076493 
0.00104452064991 
0.00104561281409 
0.00104670726462 
0.00104780400868 
0.00104890305351 
0.00105000440634 
0.00105110807445 
0.00105221406515 
0.00105332238577 
0.0010544330437 
0.00105554604633 
0.0010566614011 
0.00105777911546 
0.00105889919692 
0.00106002165299 
0.00106114649125 
0.00106227371928 
0.00106340334471 
0.00106453537519 
0.00106566981841 
0.00106680668209 
0.00106794597399 
0.0010690877019 
0.00107023187363 
0.00107137849705 
0.00107252758003 
0.00107367913051 
0.00107483315644 
0.00107598966581 
0.00107714866665 
0.001078310167 
0.00107947417498 
0.00108064069871 
0.00108180974635 
0.0010829813261 
0.00108415544621 
0.00108533211493 
0.00108651134058 
0.0010876931315 
0.00108887749608 
0.00109006444272 
0.00109125397988 
0.00109244611605 
0.00109364085976 
0.00109483821957 
0.00109603820409 
0.00109724082195 
0.00109844608183 
0.00109965399245 
0.00110086456256 
0.00110207780096 
0.00110329371647 
0.00110451231797 
0.00110573361437 
0.00110695761461 
0.00110818432769 
0.00110941376264 
0.00111064592851 
0.00111188083444 
0.00111311848955 
0.00111435890305 
0.00111560208417 
0.00111684804217 
0.00111809678638 
0.00111934832614 
0.00112060267087 
0.00112185982999 
0.00112311981299 
0.0011243826294 
0.00112564828878 
0.00112691680075 
0.00112818817496 
0.00112946242111 
0.00113073954893 
0.00113201956823 
0.00113330248882 
0.00113458832059 
0.00113587707345 
0.00113716875737 
0.00113846338236 
0.00113976095848 
0.00114106149582 
0.00114236500454 
0.00114367149484 
0.00114498097694 
0.00114629346115 
0.00114760895779 
0.00114892747726 
0.00115024902997 
0.00115157362642 
0.00115290127713 
0.00115423199266 
0.00115556578366 
0.00115690266079 
0.00115824263478 
0.00115958571639 
0.00116093191646 
0.00116228124585 
0.0011636337155 
0.00116498933637 
0.00116634811949 
0.00116771007594 
0.00116907521685 
0.0011704435534 
0.00117181509683 
0.00117318985842 
0.00117456784951 
0.00117594908149 
0.00117733356581 
0.00117872131398 
0.00118011233755 
0.00118150664812 
0.00118290425736 
0.001184305177 
0.0011857094188 
0.0011871169946 
0.00118852791629 
0.00118994219581 
0.00119135984516 
0.0011927808764 
0.00119420530165 
0.00119563313307 
0.00119706438291 
0.00119849906345 
0.00119993718705 
0.00120137876611 
0.0012028238131 
0.00120427234054 
0.00120572436104 
0.00120717988724 
0.00120863893185 
0.00121010150764 
0.00121156762746 
0.00121303730418 
0.00121451055079 
0.00121598738029 
0.00121746780578 
0.0012189518404 
0.00122043949737 
0.00122193078997 
0.00122342573154 
0.00122492433549 
0.0012264266153 
0.00122793258451 
0.00122944225671 
0.0012309556456 
0.00123247276491 
0.00123399362845 
0.0012355182501 
0.0012370466438 
0.00123857882358 
0.00124011480351 
0.00124165459776 
0.00124319822055 
0.00124474568617 
0.00124629700899 
0.00124785220346 
0.00124941128409 
0.00125097426545 
0.00125254116221 
0.0012541119891 
0.00125568676092 
0.00125726549255 
0.00125884819895 
0.00126043489515 
0.00126202559625 
0.00126362031744 
0.00126521907396 
0.00126682188117 
0.00126842875447 
0.00127003970936 
0.0012716547614 
0.00127327392625 
0.00127489721964 
0.00127652465738 
0.00127815625535 
0.00127979202954 
0.001281431996 
0.00128307617086 
0.00128472457034 
0.00128637721075 
0.00128803410847 
0.00128969527998 
0.00129136074184 
0.00129303051067 
0.00129470460323 
0.00129638303631 
0.00129806582683 
0.00129975299177 
0.00130144454822 
0.00130314051334 
0.00130484090438 
0.0013065457387 
0.00130825503374 
0.00130996880703 
0.00131168707618 
0.00131340985892 
0.00131513717305 
0.00131686903647 
0.00131860546718 
0.00132034648328 
0.00132209210293 
0.00132384234444 
0.00132559722618 
0.00132735676663 
0.00132912098436 
0.00133088989805 
0.00133266352648 
0.00133444188851 
0.00133622500313 
0.00133801288941 
0.00133980556652 
0.00134160305376 
0.00134340537051 
0.00134521253626 
0.0013470245706 
0.00134884149323 
0.00135066332396 
0.00135249008271 
0.0013543217895 
0.00135615846446 
0.00135800012783 
0.00135984679996 
0.00136169850131 
0.00136355525245 
0.00136541707407 
0.00136728398697 
0.00136915601207 
0.00137103317037 
0.00137291548304 
0.00137480297133 
0.00137669565661 
0.00137859356037 
0.00138049670424 
0.00138240510994 
0.00138431879932 
0.00138623779436 
0.00138816211715 
0.00139009178991 
0.00139202683499 
0.00139396727484 
0.00139591313207 
0.00139786442938 
0.00139982118963 
0.00140178343578 
0.00140375119095 
0.00140572447836 
0.00140770332138 
0.0014096877435 
0.00141167776835 
0.00141367341968 
0.00141567472141 
0.00141768169755 
0.00141969437228 
0.0014217127699 
0.00142373691485 
0.00142576683172 
0.00142780254523 
0.00142984408025 
0.00143189146178 
0.00143394471497 
0.00143600386513 
0.00143806893768 
0.00144013995822 
0.00144221695248 
0.00144429994635 
0.00144638896585 
0.00144848403718 
0.00145058518667 
0.0014526924408 
0.00145480582623 
0.00145692536975 
0.00145905109831 
0.00146118303903 
0.00146332121917 
0.00146546566618 
0.00146761640763 
0.0014697734713 
0.00147193688508 
0.00147410667707 
0.00147628287552 
0.00147846550883 
0.00148065460559 
0.00148285019456 
0.00148505230466 
0.00148726096499 
0.0014894762048 
0.00149169805356 
0.00149392654087 
0.00149616169654 
0.00149840355054 
0.00150065213302 
0.00150290747433 
0.00150516960498 
0.00150743855567 
0.0015097143573 
0.00151199704095 
0.00151428663786 
0.00151658317951 
0.00151888669752 
0.00152119722375 
0.00152351479022 
0.00152583942916 
0.00152817117299 
0.00153051005433 
0.00153285610601 
0.00153520936106 
0.00153756985269 
0.00153993761434 
0.00154231267965 
0.00154469508246 
0.00154708485683 
0.00154948203703 
0.00155188665752 
0.00155429875302 
0.00155671835842 
0.00155914550886 
0.00156158023968 
0.00156402258644 
0.00156647258495 
0.00156893027121 
0.00157139568146 
0.00157386885218 
0.00157634982006 
0.00157883862204 
0.00158133529527 
0.00158383987717 
0.00158635240537 
0.00158887291775 
0.00159140145242 
0.00159393804774 
0.00159648274233 
0.00159903557503 
0.00160159658494 
0.00160416581143 
0.00160674329409 
0.00160932907278 
0.00161192318763 
0.00161452567901 
0.00161713658756 
0.00161975595418 
0.00162238382003 
0.00162502022655 
0.00162766521545 
0.0016303188287 
0.00163298110854 
0.00163565209752 
0.00163833183843 
0.00164102037435 
0.00164371774867 
0.00164642400503 
0.00164913918737 
0.00165186333994 
0.00165459650725 
0.00165733873413 
0.0016600900657 
0.00166285054738 
0.00166562022488 
0.00166839914424 
0.00167118735178 
0.00167398489417 
0.00167679181834 
0.00167960817158 
0.00168243400148 
0.00168526935594 
0.00168811428321 
0.00169096883185 
0.00169383305075 
0.00169670698912 
0.00169959069654 
0.00170248422288 
0.0017053876184 
0.00170830093366 
0.00171122421959 
0.00171415752747 
0.00171710090892 
0.00172005441592 
0.00172301810081 
0.00172599201629 
0.00172897621544 
0.00173197075167 
0.00173497567881 
0.00173799105101 
0.00174101692284 
0.00174405334924 
0.00174710038551 
0.00175015808738 
0.00175322651094 
0.00175630571268 
0.00175939574948 
0.00176249667865 
0.00176560855787 
0.00176873144524 
0.00177186539929 
0.00177501047894 
0.00177816674355 
0.00178133425287 
0.00178451306712 
0.00178770324693 
0.00179090485335 
0.00179411794789 
0.00179734259249 
0.00180057884955 
0.0018038267819 
0.00180708645284 
0.00181035792613 
0.00181364126597 
0.00181693653705 
0.00182024380452 
0.00182356313402 
0.00182689459165 
0.001830238244 
0.00183359415815 
0.00183696240168 
0.00184034304265 
0.00184373614965 
0.00184714179174 
0.00185056003853 
0.00185399096011 
0.00185743462712 
0.00186089111071 
0.00186436048256 
0.00186784281489 
0.00187133818046 
0.00187484665259 
0.00187836830511 
0.00188190321246 
0.0018854514496 
0.00188901309207 
0.00189258821599 
0.00189617689805 
0.00189977921551 
0.00190339524623 
0.00190702506868 
0.00191066876191 
0.00191432640557 
0.00191799807994 
0.00192168386591 
0.00192538384498 
0.00192909809929 
0.00193282671163 
0.0019365697654 
0.00194032734467 
0.00194409953416 
0.00194788641924 
0.00195168808596 
0.00195550462103 
0.00195933611185 
0.0019631826465 
0.00196704431376 
0.00197092120311 
0.00197481340472 
0.00197872100949 
0.00198264410905 
0.00198658279572 
0.00199053716261 
0.00199450730352 
0.00199849331302 
0.00200249528646 
0.00200651331993 
0.00201054751029 
0.00201459795519 
0.00201866475308 
0.00202274800317 
0.00202684780552 
0.00203096426098 
0.00203509747121 
0.00203924753872 
0.00204341456685 
0.00204759865978 
0.00205179992255 
0.00205601846107 
0.00206025438211 
0.00206450779334 
0.0020687788033 
0.00207306752145 
0.00207737405814 
0.00208169852465 
0.00208604103319 
0.00209040169691 
0.00209478062989 
0.00209917794719 
0.00210359376483 
0.00210802819981 
0.00211248137011 
0.00211695339472 
0.00212144439363 
0.00212595448786 
0.00213048379945 
0.0021350324515 
0.00213960056815 
0.0021441882746 
0.00214879569714 
0.00215342296313 
0.00215807020106 
0.0021627375405 
0.00216742511216 
0.00217213304787 
0.00217686148063 
0.00218161054459 
0.00218638037507 
0.00219117110858 
0.00219598288283 
0.00220081583674 
0.00220567011045 
0.00221054584535 
0.00221544318407 
0.00222036227053 
0.00222530324991 
0.00223026626868 
0.00223525147465 
0.00224025901692 
0.00224528904595 
0.00225034171355 
0.0022554171729 
0.00226051557855 
0.00226563708648 
0.00227078185407 
0.00227595004012 
0.0022811418049 
0.00228635731014 
0.00229159671905 
0.00229686019634 
0.00230214790824 
0.0023074600225 
0.00231279670845 
0.00231815813696 
0.0023235444805 
0.00232895591316 
0.00233439261063 
0.00233985475027 
0.00234534251109 
0.00235085607377 
0.00235639562073 
0.00236196133608 
0.00236755340568 
0.00237317201718 
0.00237881735997 
0.00238448962528 
0.00239018900617 
0.00239591569753 
0.00240166989614 
0.00240745180065 
0.00241326161166 
0.0024190995317 
0.00242496576525 
0.00243086051878 
0.0024367840008 
0.00244273642184 
0.00244871799447 
0.00245472893338 
0.00246076945536 
0.00246683977934 
0.00247294012641 
0.00247907071987 
0.00248523178522 
0.00249142355022 
0.0024976462449 
0.00250390010158 
0.00251018535495 
0.00251650224202 
0.00252285100222 
0.0025292318774 
0.00253564511185 
0.00254209095235 
0.00254856964819 
0.00255508145122 
0.00256162661588 
0.00256820539918 
0.00257481806083 
0.00258146486318 
0.00258814607132 
0.00259486195309 
0.00260161277911 
0.00260839882282 
0.00261522036053 
0.00262207767144 
0.0026289710377 
0.00263590074442 
0.00264286707972 
0.00264987033479 
0.00265691080391 
0.0026639887845 
0.00267110457713 
0.00267825848563 
0.00268545081707 
0.00269268188183 
0.00269995199365 
0.00270726146965 
0.00271461063041 
0.00272199980001 
0.00272942930603 
0.00273689947968 
0.00274441065578 
0.00275196317283 
0.00275955737309 
0.0027671936026 
0.00277487221123 
0.00278259355276 
0.0027903579849 
0.00279816586937 
0.00280601757197 
0.0028139134626 
0.00282185391532 
0.00282983930845 
0.0028378700246 
0.00284594645072 
0.0028540689782 
0.00286223800289 
0.0028704539252 
0.00287871715015 
0.00288702808741 
0.00289538715144 
0.00290379476149 
0.00291225134168 
0.0029207573211 
0.00292931313389 
0.00293791921924 
0.00294657602157 
0.00295528399051 
0.00296404358105 
0.00297285525358 
0.00298171947399 
0.00299063671372 
0.00299960744988 
0.00300863216534 
0.00301771134877 
0.00302684549477 
0.00303603510395 
0.003045280683 
0.00305458274483 
0.00306394180861 
0.0030733583999 
0.00308283305075 
0.00309236629979 
0.00310195869231 
0.00311161078042 
0.0031213231231 
0.00313109628634 
0.00314093084324 
0.00315082737412 
0.00316078646664 
0.00317080871592 
0.00318089472463 
0.00319104510317 
0.00320126046971 
0.00321154145041 
0.00322188867945 
0.00323230279925 
0.00324278446054 
0.00325333432252 
0.00326395305302 
0.00327464132858 
0.00328539983466 
0.00329622926574 
0.00330713032551 
0.00331810372697 
0.00332915019263 
0.00334027045466 
0.00335146525503 
0.0033627353457 
0.00337408148878 
0.0033855044567 
0.00339700503238 
0.00340858400941 
0.00342024219225 
0.00343198039641 
0.0034437994486 
0.003455700187 
0.00346768346139 
0.00347975013338 
0.00349190107661 
0.00350413717699 
0.00351645933287 
0.00352886845529 
0.00354136546818 
0.00355395130862 
0.00356662692705 
0.00357939328753 
0.00359225136797 
0.00360520216036 
0.00361824667108 
0.0036313859211 
0.00364462094629 
0.00365795279767 
0.00367138254171 
0.00368491126058 
0.00369854005247 
0.00371227003187 
0.00372610232988 
0.00374003809454 
0.00375407849111 
0.00376822470241 
0.00378247792918 
0.00379683939038 
0.00381131032354 
0.00382589198516 
0.00384058565102 
0.00385539261659 
0.00387031419737 
0.00388535172933 
0.00390050656927 
0.00391578009526 
0.00393117370701 
0.00394668882635 
0.00396232689765 
0.00397808938823 
0.00399397778889 
0.00400999361432 
0.00402613840361 
0.00404241372073 
0.00405882115506 
0.00407536232187 
0.00409203886287 
0.00410885244676 
0.00412580476978 
0.00414289755628 
0.0041601325593 
0.00417751156116 
0.00419503637411 
0.00421270884093 
0.00423053083558 
0.00424850426388 
0.00426663106415 
0.00428491320795 
0.00430335270077 
0.00432195158279 
0.00434071192958 
0.00435963585294 
0.00437872550163 
0.00439798306222 
0.00441741075992 
0.00443701085943 
0.00445678566583 
0.00447673752546 
0.00449686882688 
0.00451718200181 
0.0045376795261 
0.00455836392074 
0.00457923775289 
0.00460030363698 
0.00462156423574 
0.00464302226137 
0.00466468047667 
0.00468654169622 
0.00470860878764 
0.00473088467278 
0.00475337232908 
0.00477607479083 
0.00479899515059 
0.00482213656056 
0.00484550223403 
0.0048690954469 
0.00489291953915 
0.00491697791647 
0.00494127405186 
0.00496581148731 
0.00499059383551 
0.00501562478163 
0.00504090808514 
0.00506644758172 
0.00509224718515 
0.00511831088937 
0.00514464277049 
0.00517124698892 
0.00519812779161 
0.00522528951426 
0.00525273658365 
0.00528047352009 
0.00530850493985 
0.00533683555777 
0.00536547018987 
0.00539441375607 
0.00542367128304 
0.00545324790712 
0.00548314887726 
0.00551337955819 
0.00554394543362 
0.00557485210951 
0.00560610531757 
0.00563771091873 
0.00566967490686 
0.00570200341252 
0.00573470270693 
0.00576777920595 
0.00580123947436 
0.00583509023014 
0.005869338349 
0.00590399086902 
0.00593905499548 
0.00597453810587 
0.00601044775501 
0.00604679168049 
0.00608357780817 
0.00612081425796 
0.0061585093498 
0.00619667160984 
0.00623530977692 
0.00627443280915 
0.00631404989095 
0.00635417044012 
0.0063948041154 
0.00643596082417 
0.0064776507305 
0.00651988426357 
0.00656267212629 
0.00660602530442 
0.00664995507592 
0.00669447302077 
0.0067395910311 
0.00678532132182 
0.00683167644165 
0.00687866928455 
0.00692631310173 
0.00697462151411 
0.00702360852523 
0.00707328853489 
0.00712367635316 
0.00717478721519 
0.00722663679648 
0.007279241229 
0.00733261711784 
0.00738678155874 
0.00744175215634 
0.00749754704321 
0.00755418489987 
0.00761168497558 
0.00767006711016 
0.00772935175686 
0.00778956000617 
0.00785071361094 
0.00791283501247 
0.00797594736806 
0.00804007457975 
0.00810524132448 
0.00817147308582 
0.00823879618712 
0.00830723782645 
0.00837682611321 
0.0084475901066 
0.00851955985616 
0.00859276644421 
0.00866724203069 
0.00874301990025 
0.00882013451181 
0.00889862155086 
0.00897851798449 
0.00905986211947 
0.00914269366346 
0.00922705378967 
0.0093129852051 
0.00940053222261 
0.00948974083713 
0.00958065880626 
0.00967333573546 
0.00976782316837 
0.00986417468237 
0.00996244598987 
0.0100626950458 
0.0101649821614 
0.0102693701256 
0.0103759243329 
0.0104847129208 
0.0105958069145 
0.0107092803816 
0.0108252105971 
0.0109436782185 
0.0110647674733 
0.0111885663584 
0.0113151668536 
0.0114446651494 
0.0115771618906 
0.0117127624375 
0.0118515771451 
0.0119937216627 
0.012139317255 
0.0122884911476 
0.0124413768975 
0.0125981147918 
0.0127588522774 
0.0129237444234 
0.0130929544201 
0.0132666541177 
0.0134450246088 
0.0136282568576 
0.0138165523824 
0.0140101239945 
0.0142091966007 
0.0144140080752 
0.0146248102077 
0.0148418697357 
0.0150654694711 
0.0152959095291 
0.0155335086724 
0.0157786057822 
0.0160315614707 
0.0162927598518 
0.016562610487 
0.0168415505284 
0.0171300470819 
0.0174285998173 
0.0177377438567 
0.0180580529749 
0.0183901431542 
0.0187346765376 
0.0190923658359 
0.0194639792484 
0.0198503459704 
0.0202523623702 
0.0206709989311 
0.0211073080737 
0.0215624329896 
0.0220376176433 
0.0225342181263 
0.0230537155818 
0.0235977309597 
0.0241680419106 
0.0247666021903 
0.0253955640218 
0.0260573039526 
0.0267544528629 
0.027489930924 
0.0282669884849 
0.0290892540954 
0.0299607911625 
0.030886165105 
0.0318705233512 
0.0329196911363 
0.0340402868661 
0.0352398618734 
0.0365270708031 
0.0379118807557 
0.0394058298792 
0.0410223496092 
0.0427771696164 
0.0446888313344 
0.0467793456208 
0.0490750440686 
0.0516076939221 
0.054415977008 
0.0575474793196 
0.0610614095212 
0.0650323781985 
0.0695557543193 
0.0747554242419 
0.0807953120726 
0.0878969756506 
0.0963673766056 
0.106644419547 
0.119375108725 
0.135557272918 
0.156814637537 
0.185978842278 
0.228469297774 
0.296124700047 
0.420706196207 
0.726239765474 
2.65283147033 
